$ 1 0.000005 31.41906602856942 50 5 50 5e-11
R 112 32 112 0 0 0 40 3.3 0 0 0.5
r 96 64 32 64 0 100
r 112 32 112 64 0 1000
w 96 64 112 64 0
w 112 64 176 64 0
368 32 64 -16 64 0 0
R 384 64 384 16 0 0 40 24 0 0 0.5
w 304 64 304 -32 0
w 304 -32 448 -32 0
w 448 -32 448 48 0
c 96 64 96 112 0 1e-7 0.4855695491400411 0.001
g 96 112 96 144 0 0
34 fwdrop\q2.1 1 9.32e-11 0 3.51532028522468 0 1
162 384 64 384 144 2 fwdrop\q2.1 1 0 0 0.01
r 336 144 336 208 0 220
w 448 208 448 48 0
x 459 -21 475 -18 4 24 S
s 32 64 32 -16 0 1 false
r 32 -16 -32 -16 0 50000
R -32 -16 -32 -64 0 0 40 3.3 0 0 0.5
g 512 80 512 32 0 0
w 512 80 512 208 0
d 176 64 304 64 2 1N5711
x 204 103 275 106 4 24 BAT85
r 384 144 384 208 0 2000
w 336 144 384 144 0
s 336 208 384 208 0 1 false
S 448 336 448 400 0 0 false 0 2
s 448 256 448 336 0 0 false
s 512 256 512 336 0 0 false
370 384 208 384 256 1 0 0
370 448 208 448 256 1 0 0
370 512 256 512 208 1 0 0
w 384 256 448 256 0
w 512 336 512 400 0
w 304 256 304 112 0
w 304 112 352 112 0
w 352 112 352 64 0
w 352 64 384 64 0
s 304 256 304 336 0 0 false
x 463 433 497 436 4 24 NC
x 393 437 429 440 4 24 NO
w 464 400 512 400 0
o 5 16 0 4099 1.25 1.6 0 2 5 3
